250
567
0 153 359 17950
1 9 425 21250
1 190 301 15050
3 8 194 9700
3 163 195 9750
3 200 234 11700
4 15 353 17650
4 55 423 21150
4 95 456 22800
5 109 383 19150
5 164 407 20350
6 110 211 10550
6 122 109 5450
6 231 356 17800
6 246 288 14400
7 25 224 11200
7 51 313 15650
7 140 188 9400
7 144 336 16800
8 66 382 19100
9 41 251 12550
9 84 246 12300
10 72 380 19000
10 117 383 19150
10 150 252 12600
10 247 132 6600
12 121 216 10800
12 233 373 18650
14 40 290 14500
14 45 119 5950
14 55 288 14400
15 4 353 17650
15 157 311 15550
15 175 450 22500
15 189 395 19750
16 9 159 7950
16 13 357 17850
16 138 159 7950
16 212 139 6950
18 32 195 9750
18 41 307 15350
18 132 175 8750
20 51 42 2100
21 224 565 28250
22 21 69 3450
22 146 466 23300
22 244 385 19250
24 21 274 13700
24 61 291 14550
24 129 173 8650
24 205 131 6550
25 120 113 5650
26 127 284 14200
26 135 222 11100
26 204 222 11100
27 160 337 16850
27 183 8 400
27 224 181 9050
28 15 328 16400
28 238 84 4200
28 241 108 5400
29 26 272 13600
29 28 412 20600
29 242 384 19200
29 244 196 9800
30 196 150 7500
30 217 212 10600
31 38 416 20800
31 62 418 20900
31 186 273 13650
32 71 204 10200
33 123 264 13200
33 136 533 26650
33 151 404 20200
33 197 322 16100
34 80 347 17350
34 87 205 10250
34 131 355 17750
34 244 364 18200
35 40 137 6850
35 144 196 9800
35 223 160 8000
38 5 271 13550
38 15 190 9500
38 180 254 12700
39 26 267 13350
39 44 444 22200
39 90 315 15750
39 111 54 2700
40 55 207 10350
40 147 121 6050
40 227 247 12350
40 233 149 7450
40 238 130 6500
41 47 285 14250
41 164 379 18950
41 235 78 3900
42 241 102 5100
44 118 290 14500
44 138 350 17500
44 180 356 17800
45 151 198 9900
46 197 93 4650
46 231 205 10250
47 52 223 11150
47 207 256 12800
48 30 116 5800
48 167 286 14300
48 249 148 7400
49 142 267 13350
50 21 371 18550
50 104 73 3650
50 167 151 7550
51 22 333 16650
51 40 215 10750
51 102 170 8500
51 145 80 4000
52 30 111 5550
52 45 330 16500
52 153 159 7950
53 65 199 9950
54 120 429 21450
54 142 254 12700
55 22 315 15750
56 35 288 14400
56 94 176 8800
56 107 165 8250
57 9 288 14400
57 141 248 12400
57 226 211 10550
58 2 257 12850
58 8 210 10500
58 31 117 5850
58 48 104 5200
58 123 357 17850
59 140 227 11350
60 12 206 10300
60 93 81 4050
60 170 286 14300
61 22 273 13650
61 49 392 19600
61 101 492 24600
62 113 588 29400
63 113 548 27400
63 177 176 8800
63 229 400 20000
64 97 94 4700
64 179 157 7850
64 194 264 13200
65 216 154 7700
66 121 345 17250
67 68 179 8950
67 151 384 19200
67 203 317 15850
67 228 172 8600
68 88 272 13600
69 202 286 14300
70 68 114 5700
70 139 178 8900
70 173 283 14150
71 106 99 4950
72 76 315 15750
72 80 310 15500
73 29 319 15950
73 69 319 15950
73 203 181 9050
74 118 201 10050
74 224 247 12350
75 29 324 16200
76 5 94 4700
76 127 380 19000
76 129 277 13850
76 145 174 8700
76 171 307 15350
77 115 450 22500
77 243 238 11900
78 110 497 24850
78 168 382 19100
78 214 344 17200
78 225 440 22000
79 39 253 12650
79 43 31 1550
79 109 205 10250
79 152 236 11800
80 22 146 7300
80 162 199 9950
81 79 96 4800
83 61 290 14500
84 38 250 12500
84 65 137 6850
85 97 356 17800
85 137 138 6900
85 238 76 3800
85 244 412 20600
86 131 154 7700
86 177 379 18950
87 39 327 16350
87 137 251 12550
87 184 108 5400
89 75 457 22850
89 93 168 8400
89 108 32 1600
89 196 74 3700
89 223 90 4500
89 233 328 16400
89 239 308 15400
90 34 75 3750
90 54 319 15950
90 62 474 23700
91 5 59 2950
91 7 94 4700
91 227 239 11950
92 44 366 18300
92 111 95 4750
92 113 324 16200
92 178 345 17250
93 96 263 13150
93 142 262 13100
94 11 61 3050
94 39 424 21200
94 46 269 13450
94 146 397 19850
94 234 382 19100
94 235 154 7700
95 62 357 17850
95 66 8 400
96 153 192 9600
97 87 257 12850
97 104 315 15750
98 140 133 6650
99 33 491 24550
99 50 367 18350
99 202 449 22450
100 54 443 22150
100 72 147 7350
101 74 235 11750
101 172 379 18950
101 222 349 17450
103 4 177 8850
105 26 216 10800
105 124 340 17000
106 138 258 12900
107 144 118 5900
108 219 261 13050
108 236 228 11400
109 94 398 19900
109 244 412 20600
110 89 347 17350
110 146 550 27500
110 191 216 10800
111 103 272 13600
111 106 216 10800
111 115 53 2650
113 43 298 14900
113 76 561 28050
113 86 306 15300
113 114 211 10550
114 11 263 13150
114 16 216 10800
114 132 279 13950
114 211 222 11100
114 222 298 14900
115 71 359 17950
115 122 435 21750
115 129 202 10100
115 221 302 15100
116 6 284 14200
116 137 351 17550
117 174 208 10400
117 218 258 12900
119 92 195 9750
120 35 180 9000
120 113 423 21150
120 157 201 10050
121 3 197 9850
121 87 201 10050
121 230 221 11050
121 248 208 10400
122 151 284 14200
123 31 273 13650
123 109 382 19100
123 203 369 18450
124 57 232 11600
124 70 270 13500
124 77 173 8650
124 135 340 17000
124 219 401 20050
125 46 316 15800
125 75 269 13450
125 103 213 10650
125 229 218 10900
125 238 157 7850
126 97 38 1900
126 110 366 18300
126 155 319 15950
126 160 369 18450
127 69 329 16450
127 145 424 21200
128 108 307 15350
128 191 334 16700
129 179 185 9250
130 21 628 31400
130 235 414 20700
131 44 78 3900
131 148 179 8950
131 179 335 16750
131 228 144 7200
132 130 487 24350
132 147 34 1700
132 199 235 11750
133 65 58 2900
133 106 257 12850
133 162 299 14950
133 239 384 19200
134 50 138 6900
135 50 400 20000
135 206 189 9450
139 203 309 15450
140 10 315 15750
141 239 575 28750
142 16 298 14900
142 242 128 6400
143 81 386 19300
143 83 272 13600
143 179 175 8750
143 245 439 21950
144 54 237 11850
144 74 114 5700
144 163 168 8400
144 225 264 13200
145 33 441 22050
145 54 357 17850
145 100 51 2550
145 102 248 12400
146 63 317 15850
146 96 271 13550
146 234 175 8750
148 181 288 14400
148 232 394 19700
149 7 75 3750
149 97 93 4650
149 110 384 19200
149 204 424 21200
151 25 44 2200
151 64 161 8050
151 137 391 19550
151 171 101 5050
152 164 395 19750
153 13 102 5100
153 50 154 7700
153 105 49 2450
153 114 107 5350
153 129 0 0
155 51 165 8250
155 139 159 7950
155 158 88 4400
156 0 328 16400
157 170 152 7600
157 205 181 9050
158 101 210 10500
159 86 405 20250
159 110 503 25150
159 223 302 15100
160 86 219 10950
161 95 104 5200
161 165 200 10000
161 231 260 13000
162 148 138 6900
163 128 320 16000
165 36 388 19400
165 40 98 4900
166 62 182 9100
166 64 124 6200
166 70 11 550
167 153 127 6350
167 166 239 11950
167 211 291 14550
168 29 487 24350
168 144 140 7000
168 166 311 15550
169 158 338 16900
169 224 105 5250
170 37 303 15150
170 71 185 9250
170 127 415 20750
170 216 323 16150
170 228 176 8800
171 107 358 17900
171 179 152 7600
171 207 184 9200
173 84 232 11600
173 104 225 11250
174 36 426 21300
174 64 322 16100
174 117 208 10400
174 233 370 18500
175 137 138 6900
177 30 435 21750
177 39 197 9850
177 130 224 11200
177 191 274 13700
177 240 369 18450
178 64 189 9450
178 92 345 17250
180 83 214 10700
180 161 278 13900
180 169 403 20150
180 226 192 9600
181 8 305 15250
181 168 249 12450
182 56 205 10250
182 92 359 17950
182 162 220 11000
182 215 121 6050
183 42 380 19000
183 145 204 10200
184 139 276 13800
185 157 189 9450
185 241 93 4650
186 48 272 13600
186 112 43 2150
186 170 146 7300
186 212 263 13150
187 31 384 19200
187 249 355 17750
188 169 374 18700
189 17 212 10600
189 86 367 18350
189 135 160 8000
189 160 486 24300
189 239 433 21650
190 0 337 16850
190 24 261 13050
190 137 459 22950
190 219 168 8400
190 224 107 5350
190 232 135 6750
190 249 234 11700
191 26 107 5350
192 71 255 12750
192 105 443 22150
193 198 471 23550
195 123 360 18000
195 211 276 13800
196 20 117 5850
196 115 328 16400
196 130 353 17650
197 22 278 13900
197 29 196 9800
197 46 93 4650
197 220 251 12550
197 231 108 5400
198 35 319 15950
199 90 99 4950
200 3 234 11700
200 80 380 19000
202 30 75 3750
202 160 82 4100
202 203 77 3850
203 24 220 11000
203 33 281 14050
203 163 76 3800
204 60 293 14650
204 130 505 25250
204 147 158 7900
204 167 370 18500
204 169 440 22000
204 216 115 5750
206 14 314 15700
206 23 344 17200
206 132 41 2050
206 190 303 15150
207 13 302 15100
207 28 279 13950
207 45 296 14800
207 162 381 19050
207 211 110 5500
207 220 399 19950
208 47 341 17050
209 133 239 11950
209 210 516 25800
210 58 509 25450
210 97 329 16450
210 247 447 22350
211 6 261 13050
211 61 186 9300
211 64 65 3250
211 166 94 4700
212 148 145 7250
212 162 23 1150
213 98 172 8600
214 72 158 7900
214 160 440 22000
214 225 270 13500
215 120 421 21050
215 217 71 3550
216 126 264 13200
216 167 280 14000
217 2 82 4100
217 21 126 6300
217 42 245 12250
217 134 211 10550
217 231 250 12500
218 70 237 11850
218 153 67 3350
218 233 355 17750
219 191 378 18900
220 126 344 17200
221 36 89 4450
221 93 119 5950
221 155 22 1100
221 231 289 14450
222 38 321 16050
222 62 93 4650
222 81 297 14850
222 105 265 13250
224 6 493 24650
224 71 293 14650
224 142 241 12050
225 172 160 8000
225 195 429 21450
226 218 42 2100
227 43 132 6600
227 93 128 6400
227 94 330 16500
227 131 411 20550
228 44 78 3900
228 58 326 16300
228 87 182 9100
228 137 197 9850
228 164 385 19250
228 227 320 16000
231 3 204 10200
231 127 380 19000
231 173 294 14700
232 110 385 19250
232 247 269 13450
233 43 234 11700
233 126 132 6600
233 137 274 13700
234 16 314 15700
234 207 269 13450
235 144 286 14300
236 20 86 4300
238 11 194 9700
238 22 43 2150
238 129 328 16400
238 184 105 5250
238 189 380 19000
239 89 308 15400
239 124 161 8050
240 19 155 7750
240 121 292 14600
240 171 375 18750
241 65 334 16700
242 210 452 22600
243 137 483 24150
244 63 91 4550
244 71 232 11600
244 98 174 8700
244 191 260 13000
246 4 173 8650
247 138 159 7950
249 26 134 6700
249 99 296 14800
249 117 226 11300
249 164 184 9200
80
87