50
119
1 4 48 2400
1 28 18 900
2 24 54 2700
2 44 32 1600
2 46 66 3300
3 16 14 700
3 24 89 4450
3 28 84 4200
4 15 46 2300
4 29 54 2700
4 34 55 2750
4 41 46 2300
4 44 28 1400
5 37 24 1200
5 45 67 3350
6 17 83 4150
6 37 17 850
6 48 88 4400
8 14 24 1200
8 17 58 2900
8 22 26 1300
9 27 45 2250
9 40 41 2050
9 47 26 1300
10 19 42 2100
10 23 38 1900
10 42 40 2000
10 49 22 1100
11 6 66 3300
12 24 77 3850
12 26 40 2000
12 28 80 4000
12 29 70 3500
12 35 33 1650
12 39 78 3900
13 0 111 5550
13 3 98 4900
13 30 25 1250
13 35 101 5050
13 37 25 1250
14 25 51 2550
14 46 39 1950
15 3 45 2250
15 9 39 1950
15 21 65 3250
16 2 54 2700
16 4 40 2000
16 34 9 450
16 43 88 4400
17 0 35 1750
17 7 95 4750
17 14 62 3100
18 8 18 900
18 44 72 3600
19 31 68 3400
19 38 79 3950
20 5 76 3800
20 22 13 650
20 32 10 500
20 42 22 1100
21 22 66 3300
21 24 25 1250
22 36 9 450
23 4 10 500
23 29 53 2650
24 44 26 1300
25 34 85 4250
25 43 25 1250
26 5 48 2400
26 32 51 2550
26 48 44 2200
27 20 37 1850
27 24 4 200
28 49 40 2000
29 23 53 2650
29 31 65 3250
29 34 78 3900
30 16 76 3800
30 28 27 1350
31 15 23 1150
31 25 58 2900
33 25 21 1050
33 40 77 3850
34 3 10 500
34 5 100 5000
34 20 68 3400
34 22 61 3050
35 30 78 3900
35 38 32 1600
35 49 84 4200
36 15 71 3550
36 32 20 1000
38 12 35 1750
39 41 27 1350
40 0 31 1550
40 8 97 4850
40 29 90 4500
42 9 65 3250
42 10 40 2000
42 35 98 4900
43 26 45 2250
43 29 75 3750
44 24 26 1300
44 40 77 3850
44 46 65 3250
44 48 72 3600
46 8 19 950
46 15 81 4050
46 23 40 2000
47 8 82 4100
47 10 65 3250
47 40 51 2550
48 9 37 1850
48 17 35 1750
48 18 69 3450
48 47 46 2300
49 31 59 2950
49 40 75 3750
49 45 36 1800
1
20