100
244
0 22 150 7500
1 83 119 5950
3 36 134 6700
3 50 74 3700
3 55 170 8500
3 91 81 4050
4 9 56 2800
4 15 179 8950
4 48 52 2600
6 29 137 6850
7 31 99 4950
7 48 35 1750
7 64 125 6250
8 66 137 6850
8 70 108 5400
9 66 156 7800
9 75 64 3200
9 96 67 3350
10 62 35 1750
10 64 171 8550
11 31 49 2450
11 72 52 2600
11 76 169 8450
12 43 102 5100
12 81 166 8300
12 92 86 4300
13 48 47 2350
13 50 52 2600
15 21 201 10050
16 20 149 7450
16 84 173 8650
17 68 24 1200
17 86 161 8050
18 81 69 3450
18 92 66 3300
19 15 122 6100
19 44 75 3750
20 14 77 3850
20 32 143 7150
20 73 42 2100
20 84 170 8500
21 54 199 9950
22 43 54 2700
22 66 87 4350
22 84 94 4700
23 8 81 4050
23 20 45 2250
23 51 53 2650
24 0 159 7950
24 14 67 3350
24 26 26 1300
25 16 82 4100
25 74 33 1650
25 78 182 9100
26 45 96 4800
26 71 60 3000
27 35 165 8250
27 36 87 4350
27 88 60 3000
28 79 177 8850
29 13 151 7550
30 13 122 6100
30 15 112 5600
30 19 2 100
30 83 70 3500
31 18 28 1400
31 69 118 5900
33 36 157 7850
33 39 184 9200
33 94 26 1300
34 6 145 7250
34 20 55 2750
34 71 83 4150
35 41 108 5400
35 74 31 1550
35 98 110 5500
36 24 60 3000
36 28 133 6650
36 37 182 9100
37 72 62 3100
37 94 36 1800
38 65 76 3800
38 93 31 1550
39 49 165 8250
40 1 110 5500
40 11 42 2100
40 44 25 1250
41 9 150 7500
41 10 92 4600
41 11 107 5350
41 15 18 900
41 23 67 3350
42 20 98 4900
42 43 145 7250
42 63 93 4650
42 66 205 10250
42 91 196 9800
42 98 179 8950
43 11 46 2300
43 46 77 3850
43 78 121 6050
43 96 116 5800
44 4 88 4400
44 53 143 7150
44 95 72 3600
44 97 36 1800
45 18 65 3250
45 66 135 6750
45 83 21 1050
46 22 43 2150
46 87 82 4100
47 26 90 4500
47 37 180 9000
49 69 99 4950
50 79 118 5900
50 84 118 5900
50 85 100 5000
51 48 0 0
51 76 67 3350
51 84 141 7050
52 18 148 7400
52 28 159 7950
52 44 196 9800
52 48 95 4750
52 78 92 4600
52 81 72 3600
52 90 40 2000
52 94 164 8200
53 0 29 1450
53 11 172 8600
53 67 30 1500
53 92 171 8550
53 93 129 6450
53 99 67 3350
54 3 222 11100
54 12 188 9400
54 34 211 10550
54 57 163 8150
55 46 9 450
55 68 86 4300
55 78 124 6200
55 84 148 7400
56 1 133 6650
56 65 172 8600
57 12 191 9550
57 61 140 7000
59 9 71 3550
59 53 65 3250
60 83 29 1450
61 7 175 8750
61 75 134 6700
61 86 83 4150
61 88 89 4450
61 95 88 4400
62 15 111 5550
62 37 158 7900
62 42 85 4250
63 14 84 4200
63 23 96 4800
65 9 197 9850
65 76 218 10900
65 78 208 10400
66 65 108 5400
67 20 57 2850
67 98 156 7800
69 15 49 2450
69 64 155 7750
69 76 174 8700
70 9 123 6150
70 93 61 3050
71 6 84 4200
71 7 57 2850
71 36 29 1450
71 57 25 1250
71 73 53 2650
71 83 99 4950
71 90 26 1300
72 21 86 4300
72 29 38 1900
72 60 109 5450
72 83 76 3800
72 91 79 3950
73 23 85 4250
73 64 153 7650
73 91 133 6650
74 41 138 6900
74 75 169 8450
75 5 76 3800
75 77 34 1700
75 80 96 4800
75 90 18 900
77 12 187 9350
77 13 20 1000
78 9 40 2000
78 11 150 7500
78 37 141 7050
78 99 79 3950
79 19 137 6850
79 22 116 5800
80 51 72 3600
80 56 74 3700
80 71 107 5350
81 1 47 2350
81 20 59 2950
82 48 36 1800
82 54 178 8900
83 52 133 6650
83 96 47 2350
84 6 185 9250
84 8 148 7400
84 34 192 9600
84 40 38 1900
84 95 91 4550
85 59 159 7950
85 79 78 3900
85 86 103 5150
86 7 208 10400
86 66 129 6450
86 67 240 12000
86 73 253 12650
86 76 241 12050
87 8 163 8150
88 54 97 4850
88 78 72 3600
89 7 23 1150
89 11 127 6350
89 14 70 3500
89 25 165 8250
89 44 110 5500
89 58 28 1400
90 13 64 3200
90 57 37 1850
90 96 135 6750
92 8 130 6500
92 56 116 5800
92 69 92 4600
93 39 101 5050
94 9 97 4850
94 16 164 8200
94 80 32 1600
95 11 40 2000
96 3 18 900
98 27 81 4050
99 17 36 1800
26
11